1, 2023-01-01, 5, 100
2, 2023-01-02, 8, 150
3, 2023-01-10, 12, 80
4, 2023-01-03, 3, 200
5, 2023-01-04, 0, 50
6, 2023-01-12, 20, 300
7, 2023-01-01, 120, 120
8, 2023-01-01, 10, 90
9, 2023-01-01, 15, 180
10, 2023-01-01, 4, 70
1, 2023-03-02, 80, 95
2, 2023-04-02, 51, 145
3, 2023-10-02, 69, 75
4, 2023-11-02, 190, 195
3, 2023-11-02, 2, 48
6, 2023-01-02, 15, 285
7, 2023-11-02, 6, 114
8, 2023-01-02, 12, 85
9, 2023-12-02, 10, 170
10, 2023-01-02, 5, 65
1, 2023-01-15, 5, 100
2, 2023-01-16, 8, 150
3, 2023-01-17, 12, 80
4, 2023-01-18, 3, 200
1, 2023-01-15, 0, 50
6, 2023-01-16, 20, 300
1, 2023-01-17, 7, 120
8, 2023-01-18, 10, 90
9, 2023-01-15, 15, 180